fcfs

SUM_ready=62790
MEAN_ready=367.192982456
STDDEV_ready=329.630083575
MEDIAN_ready=271
MIN_ready=5
MAX_ready=1998

sjf

SUM_ready=48507
MEAN_ready=288.732142857
STDDEV_ready=272.33440738
MEDIAN_ready=216
MIN_ready=5
MAX_ready=1666

rr

SUM_ready=68123
MEAN_ready=106.276131045
STDDEV_ready=85.2766455658
MEDIAN_ready=98
MIN_ready=2
MAX_ready=491
